Dimitar: 0.571428571429
Pratool: 3.85714285714
Heather: 4.0
Chris: 1.66666666667
Kyle: 2.0
Donald: 2.33333333333
Daisy: 0.8
Quackmore: 3.66666666667
Daffy: 1.6
Ouack: 3.55555555556
